5.356250762939453125e+01,0.000000000000000000e+00,0.000000000000000000e+00
3.612019958496093750e+02,6.474032592773437500e+01,0.000000000000000000e+00
3.612019958496093750e+02,6.364315032958984375e+01,0.000000000000000000e+00
3.612019958496093750e+02,5.765292358398437500e+01,0.000000000000000000e+00
3.612019958496093750e+02,6.701271820068359375e+01,0.000000000000000000e+00
0.000000000000000000e+00,0.000000000000000000e+00,0.000000000000000000e+00
3.612019958496093750e+02,6.117674255371093750e+01,0.000000000000000000e+00
3.612019958496093750e+02,5.744842529296875000e+01,0.000000000000000000e+00
3.612019958496093750e+02,6.169855880737304688e+01,0.000000000000000000e+00
3.612019958496093750e+02,6.185232925415039062e+01,0.000000000000000000e+00
3.612019958496093750e+02,5.689947128295898438e+01,0.000000000000000000e+00
3.612019958496093750e+02,5.928255081176757812e+01,0.000000000000000000e+00
3.612019958496093750e+02,6.242152786254882812e+01,0.000000000000000000e+00
3.612019958496093750e+02,6.408190155029296875e+01,0.000000000000000000e+00
3.612019958496093750e+02,7.200502014160156250e+01,0.000000000000000000e+00
3.612019958496093750e+02,6.704432678222656250e+01,0.000000000000000000e+00
3.612019958496093750e+02,5.356250762939453125e+01,0.000000000000000000e+00
3.612019958496093750e+02,6.170672225952148438e+01,0.000000000000000000e+00
3.612019958496093750e+02,7.528591156005859375e+01,0.000000000000000000e+00
3.612019958496093750e+02,6.050274658203125000e+01,0.000000000000000000e+00
3.612019958496093750e+02,5.356250762939453125e+01,0.000000000000000000e+00
